0.000548
0.001273
0.002898
0.005092
0.007964
0.011476
0.015622
0.020259
0.025791
0.031730
0.038515
0.045724
0.053743
0.062404
0.071486
0.081298
0.091729
0.102877
0.114705
0.127082
0.140192
0.153385
0.168006
0.183013
0.198611
0.214753
0.231631
0.248841
0.266937
0.285460
0.305346
0.325325
0.345410
0.367100
0.389030
0.411464
0.434353
0.458606
0.482682
0.507699
0.533802
0.560028
0.586535
0.613831
0.642732
0.671908
0.700820
0.731423
0.761351
0.794323
0.826247
0.857536
0.891710
0.925373
0.959566
0.995677
1.031983
1.068662
1.106352
1.143686
1.181391
1.220153
1.260509
1.300685
1.341488
1.383986
1.425049
1.466789
1.515306
1.558909
1.604369
1.645985
1.693476
1.739498
1.786141
1.837717
1.887127
1.938635
1.981823
2.032927
2.083140
2.138347
2.194020
2.247741
2.301811
2.347903
2.402968
2.459268
2.521094
2.581351
2.631972
2.696882
2.748706
2.824837
2.885861
2.936694
2.998499
3.061162
3.115898
3.174661
3.240109
3.305071
3.370162
3.435261
3.502032
3.569175
3.637299
3.703582
3.771355
3.844364
3.921600
3.993051
4.057905
4.141876
4.216151
4.289327
4.354336
4.420635
4.496543
4.572901
4.647960
4.723694
4.805229
4.882213
4.961134
5.042074
5.122632
5.203017
5.284996
5.365650
5.448673
5.551551
5.627128
5.723366
5.795940
5.872855
5.974103
6.044824
6.136629
6.222848
6.311572
6.401409
6.495974
6.590534
6.678168
6.768576
6.860962
6.957441
7.051698
7.147381
7.241809
7.342375
7.438746
7.531035
7.628835
7.734636
7.826524
7.926994
8.030372
8.134036
8.229240
8.338258
8.437967
8.538161
8.646680
8.752698
8.856311
8.967976
9.070898
9.170719
9.288313
9.388595
9.502585
9.617093
9.716483
9.840985
10.011265
10.061771
10.177691
10.291796
10.405204
10.521166
10.638701
10.750368
10.872118
10.993597
11.105050
11.227425
11.345282
11.459351
11.583438
11.709242
11.830782
11.954265
12.100876
12.200752
12.322733
12.453333
12.576355
12.702199
12.828698
12.961415
13.093316
13.241861
13.348148
13.477278
13.629912
13.747271
13.890068
14.007869
14.179891
14.312487
14.410287
14.549432
14.709011
14.816205
14.953732
15.116017
15.246982
15.385741
15.513229
15.662121
15.794866
15.936018
16.079646
16.225307
16.364385
16.512640
16.653136
16.803054
16.945820
17.093371
17.238527
17.398912
17.573164
17.716987
17.853913
18.003018
18.142990
18.298873
18.444126
18.608331
18.757640
18.900336
19.060486
19.213451
19.377769
19.524366
19.685181
19.852520
